term1	term2	term3	term4	term5	term6	term7	term8	term9	term10
67	7	18	7	5	1	16	3	4	3
44	0	11	6	37	10	3	31	0	6
27	1	16	5	15	1	12	6	9	2
16	11	26	35	21	10	10	17	21	28
31	3	48	25	14	8	18	40	2	1
75	0	17	3	12	26	43	16	50	0
22	28	3	20	9	13	6	26	20	5
17	1	13	9	5	3	10	17	0	1
22	0	33	5	28	1	16	26	6	1
23	1	21	39	16	7	9	13	4	1
13	2	0	3	0	8	3	8	13	0
58	1	19	3	14	2	22	1	12	8
82	0	13	10	30	2	18	1	4	0
52	1	14	17	22	1	18	7	1	0
8	1	2	15	42	9	1	1	3	0
13	2	1	3	22	4	7	35	18	12
25	0	13	15	27	0	7	2	9	0
73	2	43	21	13	8	13	16	10	0
50	1	7	22	24	13	21	1	6	3
19	11	23	10	6	10	6	7	4	0
20	2	10	11	4	1	5	0	0	4
6	36	0	10	45	1	8	3	8	0
56	6	22	0	7	18	9	1	6	13
21	19	12	1	12	10	11	2	11	6
28	3	35	4	32	20	3	12	18	17
41	14	7	5	37	2	9	2	18	9
29	2	7	0	14	3	5	2	29	22
22	27	13	8	12	7	18	9	9	23
10	0	4	1	1	18	12	5	1	0
14	1	1	2	3	46	2	8	19	1
30	7	5	0	1	30	0	6	14	13
19	0	2	7	18	14	1	3	4	0
58	2	2	0	17	22	7	4	10	9
15	5	0	3	1	36	6	11	38	4
23	1	5	1	3	16	3	4	12	8
37	1	10	2	15	14	2	2	0	1
36	0	5	7	15	6	11	3	5	3
0	4	11	2	1	5	1	4	9	2
31	11	2	7	6	10	5	0	3	7
2	27	1	19	18	3	2	0	4	0
33	25	0	3	7	15	5	0	16	1
4	0	1	1	59	4	0	1	0	2
0	20	0	3	37	1	1	0	8	0
8	24	3	18	7	14	3	0	26	12
20	34	34	4	17	14	0	1	8	1
0	12	0	12	2	0	2	0	6	0
0	0	1	10	1	4	3	0	3	1
30	2	10	3	3	7	3	8	9	0
21	12	10	1	17	4	11	0	8	1
6	34	0	7	7	4	3	0	1	2
34	11	0	5	4	16	7	0	26	4
55	0	4	13	20	23	18	13	0	1
5	37	4	2	27	4	7	4	2	2
44	1	14	3	7	11	5	4	4	0
20	0	16	26	3	2	9	32	0	1
32	5	4	15	6	21	21	1	22	5
47	15	0	3	8	5	2	0	2	0
25	14	5	0	3	1	5	5	8	0
16	18	0	4	10	10	1	0	7	0
69	5	0	9	4	29	3	0	18	2
24	11	4	6	1	29	0	0	17	2
3	4	7	4	6	2	37	4	5	42
1	2	0	5	0	3	2	10	0	6
36	0	2	6	3	0	4	4	7	0
17	55	0	17	2	10	3	0	5	12
14	14	1	0	3	3	0	0	17	0
15	1	5	10	34	18	8	0	26	9
1	48	0	7	6	8	1	0	4	8
20	0	1	3	5	29	1	0	8	0
26	14	7	25	5	24	0	7	2	0
22	8	0	3	8	5	1	2	4	19
36	5	1	4	30	13	0	0	6	5
7	3	0	9	23	6	3	1	9	8
0	5	0	2	7	0	7	0	1	0
23	2	1	1	28	5	11	3	6	0
17	0	5	3	27	13	5	8	5	0
49	3	59	10	25	10	9	6	40	10
20	5	9	1	11	11	2	9	9	1
85	1	30	22	18	13	0	1	1	0
21	1	1	16	13	12	8	3	4	1
0	1	1	4	0	3	2	0	8	2
2	0	0	1	0	3	1	0	0	0
0	2	3	0	0	1	1	0	1	0
25	21	3	8	7	12	1	7	13	9
0	3	0	2	6	0	0	3	15	0
0	0	0	0	0	0	0	0	0	0
0	0	0	14	0	18	0	3	7	2
0	32	0	5	15	3	0	0	10	3
48	8	1	5	23	21	3	0	8	2
27	29	0	8	31	11	3	2	4	3
0	8	1	5	5	27	4	5	16	1
4	1	1	2	0	25	1	0	5	0
17	13	2	1	2	9	1	0	2	0
7	5	1	1	3	15	1	0	12	0
33	20	12	12	5	4	5	5	20	1
10	35	0	7	20	1	0	0	3	1
10	25	0	15	8	2	0	0	8	6
1	24	0	0	0	3	0	0	5	1
19	11	3	9	5	8	0	0	16	0
1	21	0	0	8	5	1	0	11	1
5	31	14	2	28	5	2	0	2	0
38	48	10	9	9	1	0	0	9	0
13	14	0	2	29	2	4	0	2	0
6	38	2	14	68	5	14	0	10	0
0	0	0	4	8	9	2	0	1	0
14	1	4	2	8	20	17	6	3	11
63	6	5	18	13	6	17	5	5	3
11	6	2	0	11	6	22	6	20	11
4	9	0	16	15	20	9	5	6	2
57	4	5	8	10	11	0	0	1	2
39	32	5	6	9	15	11	11	5	11
52	10	9	0	20	19	8	14	9	1
2	1	9	2	5	2	0	7	7	0
30	1	3	5	6	11	10	3	9	10
38	0	0	2	27	15	13	0	2	11
33	0	1	1	37	11	5	18	4	26
22	4	22	4	8	9	1	0	12	0
37	12	4	3	12	5	22	0	8	1
20	20	4	1	21	2	2	2	7	0
1	4	0	0	0	3	1	0	4	0
6	4	6	14	4	0	3	0	16	0
3	19	5	3	0	2	1	1	5	22
3	0	0	6	7	1	0	0	15	0
50	46	11	13	17	6	9	6	4	19
4	43	43	5	2	2	1	6	28	3
12	5	7	4	15	1	2	4	13	3
24	5	12	3	15	19	17	0	17	1
37	6	1	13	2	10	1	14	11	0
57	2	0	4	20	1	15	0	6	0
3	16	2	1	2	0	1	0	4	1
35	7	17	11	14	37	7	3	2	0
0	39	6	5	0	0	11	2	1	3
43	1	10	1	15	4	21	2	5	5
19	5	23	15	14	14	39	0	17	3
73	0	3	0	17	35	0	3	20	1
3	23	25	2	54	1	8	6	2	0
33	5	15	2	6	0	11	16	3	0
76	7	24	8	2	22	3	21	7	3
21	5	6	7	14	10	10	39	23	29
33	0	21	14	11	9	5	2	4	2
12	7	48	12	41	12	8	2	4	0
22	4	21	14	15	1	12	10	1	11
12	23	24	62	31	7	5	3	8	6
29	5	30	16	3	25	12	12	20	0
14	0	23	5	18	4	1	2	2	0
28	1	33	2	24	2	10	37	7	0
56	9	27	9	27	7	12	17	5	1
35	29	5	30	17	11	15	39	9	16
26	4	4	11	16	10	7	33	3	9
49	1	22	4	2	20	8	1	12	4
48	32	15	13	20	9	14	24	7	11
4	0	12	3	3	9	5	0	4	0
47	3	7	18	2	13	13	2	10	4
29	1	26	29	7	5	6	1	2	3
14	7	4	1	3	2	29	1	25	33
10	0	1	1	16	4	29	3	16	25
18	9	4	0	11	3	19	2	6	26
8	0	6	0	5	2	2	8	2	1
23	9	0	12	0	8	3	5	1	11
10	2	10	3	5	8	5	15	11	1
1	0	31	18	0	1	35	58	1	0
17	14	37	29	2	13	1	35	39	1
8	1	2	24	4	4	1	0	10	0
81	11	2	49	17	81	11	1	2	0
36	5	18	8	16	22	3	53	8	0
33	3	5	31	13	11	10	2	0	19
2	9	0	8	0	2	0	2	1	0
10	1	41	25	19	2	8	18	3	0
0	19	6	7	13	2	8	0	26	7
21	1	0	1	4	4	4	8	5	12
53	0	2	3	19	34	8	1	13	2
29	2	3	4	13	22	10	0	6	5
11	2	0	7	7	12	1	0	9	0
16	1	0	0	0	27	0	0	5	0
52	1	6	2	31	11	8	23	3	3
13	0	27	2	7	6	1	18	3	13
42	1	3	0	1	33	0	5	6	5
70	6	13	18	3	38	4	0	6	0
34	16	26	6	0	19	3	11	10	3
12	14	1	14	8	2	8	6	2	0
3	51	0	11	4	6	2	1	4	0
3	15	0	3	0	3	0	0	2	1
34	20	1	3	26	18	1	2	2	0
1	10	5	7	10	3	9	3	1	1
7	24	16	19	16	6	6	0	10	0
2	14	0	4	0	5	1	0	41	0
20	2	0	6	2	27	1	0	1	0
8	0	0	12	0	14	1	0	4	0
25	22	2	11	12	4	0	0	1	0
63	5	15	2	29	3	6	13	17	0
37	7	0	11	4	6	3	0	13	0
28	0	7	11	6	10	0	10	12	0
21	9	0	4	1	2	1	0	10	5
1	7	0	12	0	18	3	0	37	3
9	17	0	9	2	5	2	0	9	2
61	38	1	6	33	14	14	15	22	2
48	0	30	3	39	22	4	7	2	0
14	52	15	2	2	34	3	0	17	0
41	7	23	11	47	6	22	6	5	1
29	8	15	3	3	13	1	1	20	1
0	4	19	5	1	0	14	21	3	1
58	4	20	4	21	7	21	8	4	2
48	17	0	5	10	16	2	5	22	2
73	8	2	0	40	20	33	2	1	2
30	1	0	0	4	15	15	1	8	7
2	32	0	2	15	13	10	12	1	7
31	14	0	1	13	4	12	2	5	7
21	1	2	15	5	12	4	1	1	11
7	10	0	13	2	1	17	5	54	5
36	5	4	3	8	15	11	5	3	5
60	7	0	4	15	9	6	2	8	2
19	2	0	2	33	5	3	0	1	0
38	0	0	5	6	26	1	2	13	3
16	4	12	6	12	4	22	0	6	0
24	23	0	9	0	18	1	0	11	2
14	5	9	4	13	5	7	0	5	0
16	4	12	4	17	18	16	7	2	1
14	1	0	4	2	1	2	2	0	0
5	5	0	1	5	8	2	0	9	3
19	21	0	1	4	3	2	6	5	1
7	1	4	1	1	4	2	4	5	4
0	1	0	8	0	3	3	0	10	1
5	7	0	5	0	8	0	38	19	0
4	2	0	3	2	8	1	2	10	4
1	31	0	2	16	2	0	0	0	4
1	11	0	2	3	2	0	0	0	4
20	0	0	3	10	2	4	1	6	5
3	12	0	0	6	6	0	0	13	8
36	5	6	11	16	22	0	6	19	2
26	1	1	2	6	22	2	0	7	5
69	4	2	0	15	14	6	2	15	6
13	36	28	6	1	13	0	3	9	3
48	0	1	4	9	15	5	4	5	1
47	46	7	7	4	3	0	6	7	0
8	26	17	3	2	5	0	0	3	0
0	3	32	5	7	1	3	0	5	0
1	25	46	18	3	0	1	5	39	0
3	0	65	4	0	1	3	8	27	0
31	2	3	10	7	21	1	4	31	0
43	43	25	4	16	4	11	22	14	0
7	43	2	0	3	9	1	1	19	8
49	1	3	9	6	18	3	1	4	11
29	1	1	7	5	11	7	0	0	7
30	0	11	2	4	20	11	8	6	2
42	13	4	2	2	37	22	4	41	41
24	2	4	2	10	11	10	3	2	10
40	4	13	5	29	9	6	15	9	3
62	14	11	1	15	6	11	0	3	8
30	0	4	2	29	48	12	15	30	17
28	2	0	0	2	11	2	0	9	0
28	0	7	1	11	1	11	1	4	0
38	17	9	1	24	1	9	0	10	0
2	23	0	0	1	5	9	1	5	2
4	15	2	0	2	2	11	0	8	0
24	35	52	5	11	1	1	1	1	4
18	40	24	16	3	3	4	1	7	2
2	4	23	11	20	2	6	0	2	1
30	6	6	51	51	1	17	0	12	9
47	3	24	64	16	11	2	0	1	8
8	19	18	68	6	5	9	8	3	13
16	1	9	45	19	5	8	26	4	11
5	4	2	26	24	3	18	0	2	9
47	7	3	37	9	18	7	25	1	1
28	4	9	41	29	7	9	5	0	2
21	1	14	42	5	8	10	1	1	0
31	2	0	24	5	7	6	2	3	7
16	2	14	28	1	0	13	3	0	24
15	1	18	25	19	7	1	2	4	3
66	9	16	10	6	5	0	4	3	0
54	2	6	2	30	3	17	0	31	14
5	3	26	8	8	5	2	39	43	0
12	2	10	3	11	3	27	7	4	3
2	6	0	8	9	6	17	33	3	9
32	0	80	4	4	10	1	10	8	0
34	3	0	7	15	19	11	1	2	8
28	65	1	11	2	11	5	4	2	20
2	3	5	25	13	2	9	2	0	0
3	0	19	10	0	4	3	10	4	0
6	0	12	5	0	5	6	25	3	3
12	6	26	11	1	6	19	0	2	1
31	3	2	9	18	13	10	4	6	18
44	4	16	7	2	9	3	2	6	3
29	1	1	3	12	1	3	0	0	0
13	12	6	9	12	1	14	1	3	17
9	5	14	10	13	6	5	0	2	0
15	2	23	17	11	5	15	7	1	1
16	9	12	16	18	9	29	2	4	29
10	3	23	20	26	3	8	4	6	1
10	0	3	1	5	7	4	3	1	2
10	0	2	21	6	17	24	0	5	1
32	0	9	22	0	30	15	2	2	0
7	0	0	105	57	4	8	0	5	0
8	3	12	1	28	6	28	37	11	17
19	2	0	11	12	13	8	3	4	23
12	0	6	4	5	7	2	35	2	11
11	0	18	2	2	3	4	20	3	12
25	6	19	6	12	35	2	1	14	6
5	11	0	44	9	8	0	0	0	2
29	0	18	11	14	7	2	2	4	8
36	1	45	14	20	7	2	3	11	1
25	2	9	1	27	13	1	2	12	2
13	0	3	2	17	5	2	9	1	2
26	0	1	5	17	22	3	3	13	22
28	0	0	2	23	10	3	9	2	3
36	10	45	14	1	12	2	15	9	0
14	40	2	4	5	14	2	1	1	4
1	13	0	7	15	6	4	8	1	21
3	4	2	1	0	4	2	0	4	0
1	7	0	4	6	5	7	0	24	6
4	15	24	3	20	6	15	0	5	1
16	10	0	5	29	1	0	0	3	1
3	27	0	17	25	5	2	1	3	0
16	21	0	12	2	11	3	0	27	6
1	1	0	12	3	0	1	1	2	0
0	15	1	1	14	0	0	0	3	0
27	7	0	3	7	9	1	0	4	0
16	6	32	7	19	24	1	7	17	0
34	19	0	9	23	10	1	0	5	0
14	32	0	5	28	16	0	0	16	0
44	13	8	5	6	27	3	8	11	0
39	15	4	4	10	19	16	8	20	2
38	25	1	10	12	13	11	1	7	10
22	42	1	17	3	5	11	7	8	14
33	7	1	9	27	9	4	2	15	19
24	7	7	1	18	13	4	3	34	1
17	25	4	0	5	11	0	0	11	7
15	5	0	1	1	8	12	0	16	6
36	0	5	1	23	3	8	1	16	3
25	2	3	14	0	4	19	1	4	1
1	5	29	0	12	0	4	1	11	3
61	3	1	1	24	0	9	0	5	0
18	0	0	0	5	9	35	4	11	3
25	1	60	11	2	2	13	9	3	0
54	0	38	6	13	2	8	10	7	9
8	0	5	8	7	16	8	5	11	1
20	0	17	1	17	10	13	5	4	1
35	17	5	3	10	15	5	1	5	3
31	2	33	7	54	26	0	23	13	0
66	49	2	5	5	21	11	1	5	10
69	8	1	1	6	5	29	4	1	14
42	4	25	5	11	41	14	7	1	0
43	1	4	47	46	4	8	2	3	8
27	1	27	36	12	23	2	48	1	3
23	16	4	4	3	20	1	0	18	0
18	0	0	2	18	1	7	0	1	5
11	7	21	6	7	4	11	4	6	60
21	11	17	6	18	4	2	1	7	1
54	26	2	5	9	5	5	0	25	0
13	4	1	41	0	2	9	3	3	8
30	1	4	3	9	3	8	2	9	4
1	35	0	6	22	1	5	0	1	0
15	9	1	2	7	4	3	1	7	2
25	15	2	5	2	9	11	0	11	5
11	17	0	13	0	19	3	3	1	4
11	4	9	2	2	5	6	2	7	0
10	2	15	2	22	8	5	1	13	1
15	24	0	2	1	11	12	0	3	0
16	21	3	1	10	6	8	0	2	3
35	7	0	0	16	22	1	6	7	10
24	1	1	0	10	11	9	8	9	1
17	2	2	1	24	15	9	0	32	4
3	82	13	6	0	4	8	6	1	12
3	3	32	18	9	1	8	7	9	2
16	31	27	13	2	4	0	1	12	0
20	2	0	5	2	21	12	0	4	0
23	50	27	9	15	6	0	1	11	2
3	34	31	6	6	6	2	6	3	4
54	2	26	9	31	12	3	3	2	3
15	1	13	7	4	10	10	0	3	17
1	21	12	11	8	9	2	1	21	3
40	17	7	3	18	11	0	1	5	3
24	32	11	5	5	4	5	2	8	1
0	5	0	2	0	0	0	0	6	2
2	47	0	3	0	0	1	5	9	2
22	0	1	2	4	16	1	7	1	7
23	0	3	0	9	14	14	1	3	31
32	1	1	0	4	4	14	0	1	16
14	65	1	10	3	13	4	5	15	50
20	9	5	14	6	6	5	2	15	8
41	34	2	5	23	11	13	1	2	20
17	0	1	1	25	2	2	1	3	0
12	62	2	5	3	11	21	1	1	43
44	2	3	4	19	23	10	1	7	28
15	8	0	0	7	8	0	0	1	0
78	3	0	7	8	56	24	2	8	0
73	4	8	7	6	8	0	4	5	0
36	1	4	2	30	25	6	1	7	1
0	4	0	3	18	2	3	1	3	1
10	10	0	3	18	7	6	0	6	3
31	0	1	17	9	26	1	2	8	20
23	1	4	37	9	6	7	11	8	16
1	3	2	13	3	2	4	1	13	8
33	6	0	5	7	5	1	10	5	10
43	1	3	1	8	8	1	2	6	1
2	23	0	4	14	6	5	0	5	6
7	3	10	5	29	4	10	2	32	9
9	1	21	40	9	11	25	7	1	1
25	71	6	5	1	15	15	0	3	40
8	39	6	25	8	4	37	0	6	6
6	4	35	10	1	6	5	26	1	1
18	9	4	24	0	6	15	7	0	11
22	3	49	11	22	12	3	2	18	5
64	1	10	25	20	3	18	1	2	0
11	0	12	5	2	5	1	3	16	0
18	11	17	23	18	0	18	8	9	14
0	4	9	9	2	0	5	6	0	0
23	95	32	2	33	5	14	17	4	13
2	4	19	9	4	0	3	29	1	1
62	0	4	1	4	3	0	1	1	1
20	1	3	40	7	7	0	2	1	0
30	2	23	10	9	12	6	1	5	4
13	86	32	25	1	7	2	8	12	32
14	2	20	4	47	8	36	4	10	6
58	1	16	0	3	24	30	11	9	1
51	10	12	10	14	6	7	18	2	13
36	24	8	5	7	11	11	0	2	12
4	0	21	1	3	4	12	1	5	1
2	0	16	10	0	3	1	5	5	0
20	1	29	11	24	11	4	5	2	1
7	1	1	31	0	12	4	17	9	0
22	0	2	12	2	14	8	1	1	1
18	1	6	36	0	15	4	0	2	0
29	1	0	32	12	2	37	3	0	21
33	0	10	68	2	8	7	20	1	0
13	13	7	14	12	2	8	21	2	2
52	19	1	2	15	15	10	17	10	15
55	4	5	4	5	9	23	9	5	35
0	54	0	48	1	0	31	24	4	20
17	7	1	5	11	5	7	3	6	17
21	1	5	6	4	1	18	6	0	22
36	0	10	0	5	1	2	0	4	2
5	6	3	15	0	5	4	0	0	4
40	0	52	16	9	5	35	11	1	4
2	0	8	3	18	2	2	6	4	10
7	0	12	0	2	31	11	7	3	0
18	9	27	35	6	5	10	3	2	20
26	15	35	1	2	13	1	13	3	3
36	26	51	19	1	15	0	14	9	5
38	8	1	21	3	28	6	1	3	14
1	101	12	2	1	1	5	18	0	22
69	9	2	84	9	26	0	1	3	0
34	0	2	5	16	4	2	0	1	8
98	1	9	2	5	18	62	16	5	24
4	0	3	6	5	5	38	9	7	1
25	11	39	6	19	18	12	1	4	5
4	3	41	21	7	6	10	15	4	0
18	0	51	8	10	4	3	23	9	0
19	0	6	4	16	8	3	3	5	3
19	8	10	1	1	11	4	12	7	0
38	1	19	3	5	7	6	3	22	9
60	0	18	3	17	12	4	4	9	0
41	28	2	1	29	9	4	0	1	4
59	0	29	7	22	9	8	29	1	12
14	3	3	10	9	6	22	5	2	17
6	0	7	26	6	6	7	29	2	12
62	0	8	5	6	11	4	4	6	9
28	2	12	15	15	7	10	10	16	2
39	13	12	17	24	37	8	5	2	7
16	35	0	5	21	17	6	13	2	6
68	0	23	2	4	19	3	8	4	18
11	1	0	2	5	6	4	13	2	0
1	0	16	11	2	3	7	26	1	18
30	26	3	14	5	11	16	5	2	17
45	3	14	9	38	8	11	6	35	0
30	8	58	1	1	14	4	39	9	2
12	1	6	12	21	11	15	2	4	13
0	3	25	0	0	1	3	8	13	3
70	3	2	2	56	9	11	0	10	0
29	18	73	32	0	26	5	9	2	10
1	4	50	48	1	2	2	30	28	0
14	48	22	1	2	17	1	0	8	1
43	11	13	4	10	20	3	0	3	8
7	7	7	20	1	16	4	4	4	2
11	4	42	1	8	4	0	2	11	3
33	2	45	5	5	11	2	5	9	2
10	11	8	7	5	11	12	4	9	4
27	7	18	64	17	17	33	3	41	17
38	8	28	6	16	9	4	3	4	0
2	1	0	1	2	5	1	0	1	2
1	4	0	9	1	0	1	4	6	7
24	5	2	6	14	6	16	1	2	4
34	39	0	4	3	15	6	1	6	18
2	28	0	5	11	1	8	0	1	0
24	10	7	7	14	12	6	0	11	6
19	0	17	0	33	10	7	2	26	2
11	7	0	7	12	6	2	3	1	1
7	0	8	2	24	8	16	0	39	2
7	3	23	13	13	5	0	12	5	4
11	4	22	7	3	6	4	13	1	5
9	0	14	5	1	10	7	5	1	12
26	2	22	4	7	4	22	1	3	14
6	2	32	17	35	7	5	11	1	0
19	0	25	12	14	9	9	3	2	8
11	0	10	5	35	5	4	20	0	19
21	1	39	13	6	8	1	6	7	2
10	9	0	2	1	2	0	0	1	2
19	17	10	8	14	3	10	1	7	0
9	29	6	6	0	4	18	6	1	1
6	0	0	3	0	14	28	0	3	17
30	12	1	3	1	11	1	0	8	0
52	2	3	1	4	6	9	0	5	3
28	0	0	13	14	3	0	0	0	0
24	8	0	18	3	12	3	0	1	0
24	1	2	6	5	10	9	3	1	55
28	2	26	13	6	6	6	15	0	0
2	50	1	6	0	5	15	0	4	22
34	27	25	12	6	15	2	1	2	0
15	1	1	77	16	16	1	0	2	0
13	0	0	37	0	12	3	0	13	0
34	1	35	7	0	8	4	4	31	5
65	0	0	38	2	6	7	1	0	0
7	33	4	2	16	1	16	5	48	7
33	17	2	1	10	12	2	0	5	17
2	40	0	2	1	4	2	0	6	4
38	0	2	12	2	2	0	3	3	2
46	2	13	3	15	27	18	4	4	5
18	6	0	7	4	11	7	1	20	2
20	30	0	7	7	26	21	3	47	7
21	3	2	3	5	13	6	2	12	6
17	4	3	0	11	16	2	4	11	7
0	41	0	0	0	0	13	25	6	4
26	18	0	3	16	15	30	12	5	16
0	21	9	0	0	0	4	20	0	6
46	2	9	2	12	19	10	2	4	14
20	4	4	54	25	6	3	2	2	3
0	2	0	1	9	3	1	9	3	5
12	2	8	23	14	18	1	3	13	9
26	2	4	7	6	28	5	5	5	12
36	19	5	13	4	23	2	1	13	1
22	47	0	6	3	4	1	0	15	6
22	5	48	6	6	20	0	9	6	0
8	2	2	6	4	3	7	2	10	0
15	18	19	6	22	13	8	3	2	0
53	4	4	29	28	13	7	1	8	19
0	29	0	2	4	1	0	1	5	7
22	92	20	0	0	19	39	2	2	1
7	4	2	0	7	11	11	3	3	1
11	35	2	3	9	14	1	0	4	2
0	11	0	7	25	13	0	1	22	0
1	16	5	0	4	0	0	0	2	4
25	28	43	10	14	0	0	2	21	3
9	18	1	2	0	5	2	0	0	15
25	6	5	5	45	4	7	1	6	1
5	29	65	2	29	5	0	0	11	0
1	4	46	4	18	0	1	0	16	1
16	20	0	9	2	1	0	2	12	8
2	24	1	6	10	5	1	1	8	1
2	16	0	1	0	5	1	0	34	13
34	3	2	4	0	14	0	0	0	0
35	2	0	0	8	14	1	0	4	0
13	28	1	8	11	1	4	1	8	4
0	0	1	0	9	3	1	0	1	4
0	0	0	0	0	0	0	0	0	0
10	22	17	11	30	4	7	6	4	8
16	7	11	5	47	2	9	26	6	1
17	17	18	1	5	23	18	10	4	5
39	14	7	16	13	7	19	12	5	9
0	11	20	9	4	1	4	6	15	10
1	0	0	32	0	1	2	28	3	0
1	42	46	5	5	5	27	28	4	3
48	7	5	8	32	8	7	8	18	0
18	8	14	9	23	10	4	41	23	2
21	3	13	4	10	6	1	10	1	0
70	0	7	2	9	19	1	12	8	0
5	12	7	13	1	6	17	26	2	2
13	0	0	16	1	16	14	6	2	50
10	1	16	0	11	6	3	35	4	14
4	19	34	10	18	6	16	18	5	66
36	7	5	14	51	16	6	1	4	38
9	1	6	1	15	4	3	29	6	3
17	3	3	1	6	5	16	24	2	34
0	26	17	16	6	1	2	18	7	49
0	29	13	7	0	1	16	23	1	2
1	0	12	0	15	2	49	36	1	43
14	69	1	15	0	29	19	22	4	46
4	0	2	32	25	13	14	0	4	4
12	10	13	10	1	8	8	13	2	7
89	2	4	6	8	14	12	0	22	11
29	2	32	20	4	8	9	13	1	1
77	1	10	76	10	23	23	11	4	11
10	16	7	33	3	7	13	28	1	21
41	5	15	13	11	3	4	4	2	16
35	1	2	4	4	6	7	2	5	3
54	0	8	15	21	9	2	3	5	2
62	0	16	0	8	14	6	41	6	2
28	70	28	3	3	13	2	19	7	32
19	36	7	6	3	19	5	1	3	0
41	9	60	10	4	9	1	6	2	3
15	7	32	34	15	22	3	12	8	2
43	0	1	104	3	19	3	1	1	0
21	1	0	10	10	37	16	0	2	1
28	11	21	20	11	5	53	20	2	26
5	11	6	6	8	4	2	31	5	1
79	6	1	20	14	45	13	2	3	0
51	2	6	16	7	9	2	1	2	3
20	0	6	15	7	3	6	0	1	1
23	1	14	18	0	22	15	27	3	2
35	5	6	4	14	12	35	0	5	13
22	16	15	5	13	4	4	1	2	0
22	5	23	26	12	13	8	3	2	15
0	9	3	19	0	1	5	0	0	23
24	19	17	22	3	25	6	9	2	0
44	1	14	1	5	29	4	9	1	0
1	11	0	6	7	2	1	4	5	10
2	15	0	7	0	4	0	0	14	0
62	2	0	24	6	46	4	0	17	0
22	7	4	5	5	6	0	0	7	0
17	7	0	13	0	8	0	0	8	1
7	1	21	5	3	6	0	20	5	2
36	4	0	21	19	10	0	0	1	0
42	4	0	12	1	31	6	0	60	0
40	5	16	5	2	10	1	5	31	0
16	6	1	1	10	7	0	0	10	1
2	13	0	7	38	1	0	0	1	1
2	28	3	2	20	9	0	0	8	5
4	14	0	1	10	9	3	0	2	1
3	5	1	4	0	5	0	0	5	5
0	0	0	3	0	2	1	0	6	2
8	12	0	6	11	2	1	0	3	0
9	46	13	2	0	7	1	14	4	5
10	21	1	13	15	0	5	0	21	0
0	16	0	2	13	10	4	0	41	3
0	37	0	17	0	10	18	12	1	20
0	23	27	4	18	7	5	5	14	6
37	32	14	10	10	5	2	2	26	15
19	16	21	12	2	12	8	10	8	7
12	9	0	9	5	7	0	0	8	2
1	1	41	3	1	2	15	3	15	0
35	21	23	21	10	12	7	17	12	4
5	1	47	19	0	1	5	5	5	1
0	10	3	27	0	0	2	5	5	0
48	2	30	4	0	4	0	26	5	0
18	20	14	2	17	17	10	4	5	14
0	1	9	6	0	0	6	16	17	1
3	13	23	22	0	4	4	35	6	0
0	1	45	4	0	1	0	42	5	0
0	2	21	1	0	1	2	9	9	1
11	55	0	2	0	11	5	15	5	7
50	7	0	6	13	18	23	6	5	10
29	2	0	0	3	11	13	1	27	3
40	0	0	3	22	16	46	0	21	5
6	41	5	1	0	7	1	4	2	7
1	6	1	7	3	5	2	7	21	2
17	0	1	3	12	10	11	0	10	5
1	0	0	0	0	11	1	11	25	3
57	7	2	1	6	17	22	12	10	9
63	2	25	22	12	39	5	0	6	1
36	0	4	7	7	17	16	4	2	9
52	1	26	4	8	3	2	1	5	2
11	75	4	5	10	10	0	2	40	34
0	32	8	1	1	1	7	16	2	13
26	4	4	12	4	17	2	0	7	9
54	3	5	18	35	16	7	2	27	12
53	2	55	9	8	20	6	7	7	0
1	4	1	2	4	20	1	0	12	0
18	5	0	0	2	14	0	6	8	3
17	0	0	10	7	9	1	5	2	0
11	0	9	13	1	37	3	13	27	27
14	1	31	4	13	17	7	9	5	2
17	2	0	4	0	14	1	19	11	4
30	1	13	29	9	3	24	32	2	2
13	1	13	12	19	12	1	6	5	15
13	6	0	1	13	15	0	0	10	0
39	18	3	8	18	21	9	5	17	0
2	34	5	6	8	0	19	2	6	6
9	25	0	5	1	3	0	0	5	0
25	13	2	7	5	4	15	1	3	3
0	7	0	7	1	1	1	0	3	7
0	3	0	1	0	0	1	1	3	11
7	29	0	12	0	5	5	10	0	2
5	9	0	3	10	16	0	0	2	0
20	15	2	4	20	27	4	1	11	1
8	22	0	9	17	3	11	4	11	8
37	2	5	2	22	11	2	1	14	11
13	11	10	2	2	14	11	5	5	11
35	46	9	1	9	15	3	3	13	11
37	22	5	6	11	40	10	1	41	6
11	41	0	2	5	20	1	2	26	11
0	36	31	13	10	3	2	1	26	9
26	3	18	2	9	2	8	1	1	3
4	10	0	1	0	3	5	1	3	0
58	3	18	4	30	9	5	5	2	1
41	12	6	4	9	4	13	0	7	6
49	1	10	2	5	3	73	8	1	24
26	3	2	0	5	10	10	5	0	1
15	21	4	7	9	13	5	3	6	30
16	4	12	4	0	16	2	5	0	0
3	6	1	0	1	1	1	1	1	4
2	1	8	2	0	0	1	10	2	10
0	2	14	0	0	1	5	2	1	0
2	13	12	6	9	6	2	0	9	1
12	1	5	0	4	0	2	0	0	3
3	4	25	0	2	2	5	1	7	8
19	4	2	3	0	12	4	8	2	0
4	6	2	1	1	3	1	0	9	2
16	3	1	3	0	14	0	7	3	4
0	0	0	0	0	0	0	0	0	0
10	38	0	11	32	0	0	0	1	4
16	10	0	6	7	3	10	0	13	4
16	34	76	3	8	8	2	1	5	1
37	12	22	2	11	8	0	1	2	1
53	13	0	7	3	23	1	0	2	1
2	49	5	5	4	2	2	0	17	2
0	25	6	8	12	2	12	1	2	7
16	24	20	23	22	6	4	0	4	2
30	40	2	15	22	17	1	1	4	2
0	79	4	11	1	2	1	1	3	22
4	26	40	3	7	5	1	2	11	1
2	2	3	4	15	0	4	2	8	4
0	10	0	3	10	0	1	0	13	0
25	20	0	5	15	15	1	0	1	1
2	4	0	51	9	5	1	1	2	7
25	29	12	8	32	4	8	7	1	0
4	27	6	5	19	11	4	0	22	2
23	28	6	32	15	31	4	3	8	0
6	21	4	11	6	8	0	38	6	0
33	9	0	4	12	13	3	1	9	0
4	1	28	20	22	4	12	3	7	2
16	6	11	6	0	8	12	0	1	1
14	5	7	31	28	7	4	1	4	18
53	0	22	14	18	18	27	0	1	8
26	8	44	15	6	13	35	1	4	38
20	3	28	6	25	12	1	0	1	2
2	11	7	4	7	4	11	2	1	13
17	6	42	23	3	12	5	20	3	6
30	3	0	2	2	15	0	0	3	0
6	6	1	17	3	6	33	0	1	48
2	1	62	12	23	4	3	36	5	1
23	22	14	4	6	20	2	1	18	1
14	8	9	13	6	3	13	0	14	0
25	0	1	7	4	8	14	1	0	10
13	2	16	9	3	12	2	11	1	1
0	1	30	10	0	2	1	36	1	1
4	1	61	27	0	3	3	24	17	1
0	1	45	24	0	2	1	19	4	0
2	4	25	65	2	4	15	18	0	0
2	6	40	2	3	3	3	12	3	3
2	2	72	19	0	3	6	17	2	0
4	12	33	19	0	3	6	13	19	0
2	4	51	20	0	1	5	47	7	0
16	4	40	17	12	12	5	0	7	18
19	7	8	22	21	10	12	2	7	35
36	27	29	6	30	12	10	16	12	7
30	23	27	4	0	5	12	4	2	10
14	23	4	22	21	11	7	3	0	19
37	4	3	1	49	9	8	1	5	1
1	9	0	8	0	3	9	12	4	66
26	0	15	17	27	4	4	13	0	1
12	0	16	6	9	9	5	9	2	9
62	0	42	2	6	14	7	9	16	1
30	18	21	23	14	7	22	0	7	24
30	6	30	9	4	23	14	20	4	13
71	2	10	7	22	40	27	4	4	1
4	3	1	12	40	0	1	0	0	1
44	2	5	12	7	14	7	33	2	5
19	1	9	5	16	21	11	18	8	10
48	0	23	21	23	12	7	28	6	1
5	3	7	17	0	7	6	48	2	14
8	15	17	3	7	4	3	9	5	6
6	27	33	4	10	3	22	19	3	30
18	0	4	11	6	5	10	38	4	1
12	2	4	0	41	6	12	4	3	14
4	3	16	15	1	5	7	75	1	3
5	4	37	53	8	1	3	10	0	25
34	1	8	4	44	9	5	3	2	7
29	1	5	13	13	9	16	10	7	5
15	21	9	12	3	8	3	27	0	2
24	10	0	25	11	13	7	1	1	22
35	12	8	7	4	13	11	0	2	3
4	2	31	5	14	6	6	0	3	13
13	1	7	2	1	9	11	6	7	4
47	2	4	15	13	12	5	1	2	1
25	2	9	5	39	8	6	8	5	28
126	8	9	4	17	25	11	5	10	4
18	18	21	3	5	20	13	6	5	18
7	22	20	5	0	10	27	15	1	5
32	2	53	7	2	6	14	9	3	21
32	0	0	5	9	17	6	4	15	6
0	5	1	7	13	7	1	0	6	7
20	1	3	8	5	12	6	11	3	12
2	1	9	0	18	8	2	8	7	2
7	0	0	4	5	5	6	0	3	0
48	1	1	6	16	8	6	2	2	7
6	1	0	4	25	8	2	0	7	3
3	9	0	3	7	6	0	0	24	1
22	8	0	3	9	14	6	5	16	5
11	1	28	4	3	14	0	4	5	2
12	0	3	2	12	30	0	0	3	2
1	18	0	0	4	4	2	11	10	4
16	13	0	9	9	3	12	2	3	6
46	6	2	4	8	9	13	0	11	18
10	24	0	8	8	17	11	5	44	19
27	14	4	7	5	9	16	5	22	17
5	4	0	2	6	7	21	5	10	20
24	57	0	2	13	17	0	12	27	0
2	10	25	7	5	1	3	22	4	0
63	0	0	0	9	13	8	0	27	2
15	56	1	7	8	1	14	4	22	3
20	4	9	1	11	14	3	0	11	4
18	3	21	13	11	5	7	13	2	2
55	1	12	10	8	19	4	12	0	2
39	47	7	14	31	6	7	0	5	1
25	67	1	4	9	20	15	3	2	18
2	9	16	8	5	5	3	10	8	3
73	0	3	2	24	18	6	3	21	2
34	5	16	4	18	7	20	8	7	5
2	41	5	1	0	6	21	17	3	6
46	0	0	5	4	25	5	2	4	2
5	47	6	0	9	8	12	10	9	19
7	4	11	1	8	2	10	8	5	6
130	36	2	16	37	100	1	0	25	0
7	1	5	2	5	23	8	19	1	9
28	1	1	5	20	6	9	1	1	9
22	35	1	1	0	25	8	0	9	13
38	7	55	32	5	31	3	4	6	3
0	14	7	3	0	0	9	14	2	22
27	2	4	4	39	30	1	6	6	2
6	33	28	8	9	4	5	1	13	1
0	0	0	0	0	0	0	0	0	0
2	32	13	4	0	4	12	24	4	25
18	18	1	16	7	1	4	0	1	2
25	0	9	6	14	5	26	0	11	0
39	4	0	18	1	3	2	2	15	0
23	0	1	0	21	5	6	0	15	0
10	8	25	1	21	12	7	9	5	10
6	41	0	5	16	1	2	0	8	1
0	15	4	2	7	2	3	0	25	1
0	0	0	0	5	2	2	0	1	4
9	14	4	13	8	13	0	0	4	6
1	36	2	0	11	11	2	0	11	9
1	29	0	15	19	9	0	0	1	0
26	12	32	1	9	9	1	0	9	1
1	0	0	0	0	1	5	0	10	0
0	14	28	4	31	1	2	0	1	1
25	6	30	11	27	5	1	0	2	3
1	40	19	7	11	3	7	0	25	1
3	37	2	4	5	13	0	0	5	6
19	1	15	5	5	6	26	0	1	2
2	15	7	54	14	2	5	2	0	12
11	4	20	15	5	7	30	0	0	20
32	1	15	41	28	14	9	1	0	7
6	12	16	33	11	12	20	0	12	12
11	17	0	12	5	9	3	0	4	1
10	2	28	23	5	5	4	0	2	0
4	1	27	13	1	8	7	32	4	2
3	1	0	1	3	3	7	9	0	11
39	63	6	9	5	7	3	26	20	17
17	2	2	44	13	14	12	2	2	1
20	21	0	4	0	14	5	0	3	1
0	1	14	30	4	1	2	39	1	0
43	6	5	31	51	19	15	3	3	1
10	27	20	22	32	12	12	9	70	1
1	15	0	6	13	11	3	0	10	2
26	1	24	15	23	5	21	19	1	0
15	6	47	15	6	11	7	14	6	26
16	0	25	4	14	6	4	0	4	0
10	1	18	56	23	6	2	67	2	3
18	0	36	8	5	1	1	18	3	1
3	3	0	8	11	2	4	7	1	0
36	5	5	31	1	36	0	0	41	0
7	3	27	5	0	6	8	0	3	2
5	29	6	13	6	8	24	14	1	27
7	1	3	3	0	5	9	9	6	3
10	9	3	0	5	4	26	2	7	17
3	31	19	7	21	4	9	15	0	4
8	21	0	3	9	6	4	15	13	5
71	10	14	2	63	20	11	11	9	35
9	49	23	6	0	7	12	28	13	19
0	1	1	1	0	1	3	0	0	15
0	17	0	16	0	1	4	5	9	16
9	8	36	25	14	8	3	11	1	4
0	0	2	15	13	1	10	48	2	4
4	0	2	9	6	3	0	4	0	8
4	32	42	1	14	10	5	9	0	15
40	0	24	22	4	15	3	1	12	0
73	20	9	10	17	26	21	0	4	25
10	30	2	17	1	6	5	20	2	41
10	1	11	0	2	10	37	16	1	7
31	17	8	11	0	6	4	10	3	5
48	26	33	2	17	24	7	6	15	21
50	52	9	2	11	5	20	2	4	16
16	9	4	23	26	18	13	3	6	18
33	4	3	8	5	15	11	1	3	1
57	4	13	12	5	10	13	8	3	1
18	8	7	3	3	11	16	8	2	21
27	9	16	19	20	6	6	2	0	0
16	0	2	9	7	4	5	1	1	0
27	3	56	9	13	10	8	11	1	3
10	4	45	8	13	4	38	4	18	16
85	5	17	8	19	17	3	5	19	2
8	7	2	4	4	5	9	14	4	5
15	8	18	4	0	9	19	11	2	6
33	9	10	4	15	8	19	8	5	10
8	24	39	20	28	4	13	8	15	29
17	0	1	9	7	12	10	4	30	3
12	0	2	10	2	18	7	17	3	0
11	2	0	12	0	15	1	3	3	2
21	1	104	29	7	21	36	13	5	17
24	4	20	2	9	18	18	11	7	20
1	0	36	28	14	2	34	76	2	6
0	7	0	2	6	0	2	0	1	1
6	5	0	3	3	2	0	0	5	1
2	4	0	6	9	3	3	0	9	5
0	12	0	4	16	0	4	4	27	8
2	19	0	2	1	1	2	0	49	1
0	67	1	2	1	0	13	1	7	29
3	0	0	4	1	1	1	5	4	8
12	12	0	0	15	11	5	0	26	3
14	2	7	1	37	9	11	2	18	2
27	16	0	2	6	6	10	3	57	19
8	3	21	23	0	6	0	48	1	1
23	42	2	19	6	7	10	1	42	2
7	8	6	1	9	8	2	1	15	0
18	2	1	0	4	10	7	6	21	3
21	25	6	8	8	12	8	5	4	9
2	12	0	9	0	4	18	10	1	10
4	22	0	3	21	8	2	0	15	1
25	26	10	4	48	3	0	1	2	5
42	17	26	2	24	21	2	0	15	2
13	1	0	1	6	7	7	0	20	7
1	35	2	7	1	3	5	3	5	7
2	26	0	0	9	3	0	1	1	0
10	20	0	1	9	15	0	0	10	4
3	5	7	15	0	4	1	4	0	11
2	23	32	4	0	4	16	5	34	0
5	1	1	2	2	2	13	0	4	1
62	0	1	0	16	19	29	7	42	1
50	0	3	1	2	11	46	5	1	38
0	6	35	17	2	3	6	3	10	1
28	0	8	4	3	32	9	2	37	10
8	0	2	0	8	8	8	1	19	6
29	1	2	21	10	12	10	2	3	4
16	6	3	3	19	11	8	3	31	9
17	1	1	1	0	14	8	2	5	17
12	0	0	2	13	11	35	4	9	9
36	0	33	2	0	4	3	14	2	0
5	9	18	14	3	4	9	7	6	6
4	18	35	12	8	5	23	0	4	8
14	54	3	7	1	13	10	1	2	6
102	0	0	2	8	48	11	16	4	8
25	1	2	1	4	20	4	3	6	3
8	2	15	3	17	9	1	0	14	3
0	0	3	20	0	1	11	19	4	0
4	29	9	6	7	3	9	12	2	8
36	2	1	18	8	43	24	9	59	5
8	2	17	1	4	5	4	22	26	1
47	0	23	20	9	18	17	14	4	0
29	0	2	5	14	39	1	0	31	9
5	2	42	22	0	5	7	11	3	3
9	0	6	17	0	7	4	30	4	1
1	1	49	27	0	5	4	21	4	0
5	2	22	22	6	3	2	21	10	0
24	1	23	21	7	1	2	39	1	1
0	0	0	0	0	0	0	0	0	0
1	1	17	10	1	0	20	24	16	4
15	2	36	3	3	3	7	5	12	0
7	36	5	5	7	10	5	5	13	2
2	1	0	2	2	3	1	0	11	0
0	24	0	6	2	4	4	0	2	3
4	40	2	4	2	1	7	0	5	2
7	48	1	1	28	6	2	1	4	2
1	0	0	3	1	2	1	0	6	4
1	49	0	3	51	32	0	0	3	1
0	21	7	2	3	5	11	7	1	22
3	6	1	2	15	3	1	0	1	1
3	14	0	2	20	0	6	0	0	0
39	2	0	25	23	1	2	0	3	7
4	18	0	8	5	5	0	0	0	1
0	9	0	8	25	11	3	0	2	5
1	26	0	13	18	0	4	0	0	0
18	0	43	11	10	19	0	7	4	1
42	1	13	42	7	17	9	6	3	5
50	2	27	40	20	13	16	1	3	6
6	0	31	19	20	3	22	5	1	30
27	6	1	9	20	15	21	0	0	26
37	4	8	11	9	7	1	4	4	0
9	2	37	16	8	8	2	0	9	1
36	1	12	52	2	16	6	1	0	6
0	9	29	1	0	0	4	97	0	10
20	10	0	26	18	30	9	0	6	0
22	18	0	15	30	26	23	0	26	0
24	5	7	7	16	11	10	11	4	15
5	1	17	9	14	3	12	3	2	5
66	1	0	3	0	7	13	11	4	0
9	1	28	17	24	10	2	0	7	0
8	13	4	39	21	7	14	2	2	11
16	9	28	7	15	7	2	0	3	1
2	38	3	4	0	1	9	4	2	23
10	3	63	7	8	4	21	0	3	3
0	1	1	47	1	0	8	0	0	11
28	12	38	10	16	7	2	2	0	2
45	10	3	62	14	29	4	0	1	15
33	3	22	12	8	20	6	13	8	0
15	58	2	28	2	13	3	3	1	3
3	4	8	13	3	3	5	45	2	1
0	1	1	2	1	0	15	10	1	22
13	9	1	20	17	9	10	4	2	25
8	22	3	26	0	7	9	37	0	40
0	15	2	2	1	0	23	21	0	4
48	32	3	27	9	22	0	5	1	18
8	0	19	11	91	9	13	0	4	5
20	2	0	2	7	3	5	36	1	6
51	0	5	15	24	11	23	1	0	2
15	0	0	4	2	14	11	16	9	5
0	3	8	21	10	1	3	27	1	4
1	31	2	1	0	1	8	16	1	11
1	15	1	17	0	3	8	10	0	10
1	0	4	5	23	2	21	27	1	29
39	22	16	13	3	6	6	3	4	6
54	2	5	2	5	18	26	1	2	20
13	0	14	7	38	19	9	14	9	0
5	4	51	16	2	10	1	30	0	13
33	12	3	24	0	4	3	2	2	0
16	0	6	0	1	18	21	24	2	13
2	28	6	2	9	4	3	15	3	8
11	22	25	5	25	15	8	16	6	7
24	9	6	4	17	13	32	13	3	1
10	3	12	4	8	7	0	9	3	0
32	10	2	19	7	15	6	6	1	24
3	6	2	13	0	0	12	17	0	1
4	25	41	11	1	7	22	8	3	66
65	3	38	2	1	14	16	13	3	20
27	8	2	40	15	9	3	2	1	5
56	0	7	5	9	17	6	1	4	7
7	0	49	13	1	6	1	18	2	5
16	1	45	3	11	8	1	23	5	3
4	35	2	8	2	8	4	10	5	10
2	0	0	15	0	7	7	20	1	0
11	0	40	12	5	12	13	25	1	0
19	19	12	26	17	8	6	0	1	26
0	25	13	12	0	3	15	36	1	23
1	62	4	3	0	1	17	7	0	38
33	0	0	0	11	2	2	36	1	3
2	65	10	7	0	6	8	9	3	30
14	2	7	25	3	8	19	1	3	29
0	29	0	18	3	5	5	1	5	0
14	19	0	3	3	34	2	0	7	0
5	2	24	2	18	6	2	0	5	0
2	0	0	1	14	5	0	6	17	1
1	6	0	1	5	7	1	0	24	2
13	1	0	3	32	13	0	0	1	2
4	3	2	9	70	2	4	0	1	4
6	1	0	1	6	4	4	29	1	2
1	30	0	4	10	2	1	0	4	1
4	11	2	0	16	3	2	2	3	0
45	0	5	21	12	31	15	13	8	7
39	50	1	15	22	33	1	0	31	3
0	24	16	4	5	0	11	31	6	1
16	34	0	9	4	14	8	6	5	14
60	14	4	2	1	9	17	3	11	35
15	6	11	5	2	17	6	1	11	8
15	12	21	2	19	8	12	4	11	3
23	32	30	7	25	10	12	1	5	4
7	3	7	34	1	7	4	11	5	10
4	19	1	9	0	8	6	2	6	1
2	10	11	6	1	4	10	2	2	3
9	17	2	7	26	10	9	1	24	8
2	1	0	16	3	2	0	0	8	5
23	50	1	3	15	3	1	2	1	4
17	2	6	2	11	10	6	2	19	5
0	14	0	3	0	1	10	19	0	10
5	25	0	1	14	0	0	0	3	2
23	5	1	1	12	10	21	0	7	6
5	4	0	2	9	6	1	0	12	1
7	5	0	9	0	0	0	11	2	14
19	0	0	1	12	14	12	12	4	13
19	8	0	9	1	17	10	1	10	41
0	0	4	5	15	0	12	5	7	9
24	19	20	5	6	17	6	1	4	6
21	17	0	7	2	21	7	3	9	23
17	27	2	11	3	12	6	7	13	20
50	63	2	2	2	40	18	0	3	27
8	0	16	12	3	5	7	3	19	1
26	0	0	5	1	8	17	59	2	6
6	5	1	12	11	9	3	3	10	12
0	24	39	19	0	6	2	10	9	10
10	13	26	30	3	5	1	5	18	2
0	8	33	4	0	0	5	9	3	0
0	4	42	19	0	0	11	5	4	1
0	4	12	13	0	0	2	14	4	5
2	42	132	35	1	7	1	2	18	9
0	51	36	20	0	6	1	19	34	31
0	0	30	14	0	0	0	27	0	0
3	25	34	16	1	3	4	6	15	8
20	1	10	6	4	7	7	16	4	6
1	1	28	37	0	2	2	21	4	0
0	0	22	46	0	3	0	25	4	0
0	0	0	0	0	0	0	0	0	0
0	0	0	0	0	0	0	0	0	0
8	28	4	3	22	9	6	0	13	2
16	13	4	4	7	14	19	2	12	10
29	10	9	0	7	8	12	0	4	4
16	9	0	7	3	7	1	1	1	9
42	41	26	2	22	4	2	1	5	6
0	0	0	0	0	0	6	0	4	0
2	5	9	2	2	3	6	1	1	9
37	5	0	11	15	1	4	0	1	4
29	31	5	2	2	0	12	0	2	14
20	37	0	5	28	0	0	1	9	2
1	44	14	8	17	3	3	0	7	8
25	21	3	12	27	10	3	3	5	9
32	1	2	6	20	7	10	0	29	1
12	11	0	0	7	11	10	5	14	15
0	0	0	0	0	0	0	0	0	0
0	18	0	11	1	7	5	1	1	7
1	53	34	1	0	4	16	2	8	3
0	1	2	1	0	1	7	0	3	2
5	9	2	7	7	13	4	13	4	31
1	31	0	1	1	1	1	0	4	4
5	36	45	9	1	2	4	3	19	2
0	7	0	3	0	0	0	0	9	3
6	0	1	2	16	18	6	0	19	2
6	18	0	0	29	12	0	0	5	1
10	21	2	11	1	16	3	1	0	0
0	10	0	2	5	6	3	0	14	1
1	25	1	1	18	4	2	1	2	2
2	38	15	3	4	5	12	5	5	2
0	40	1	1	0	6	3	6	4	13
3	2	1	1	1	7	3	9	2	15
0	0	0	0	0	0	0	0	0	0
9	0	21	26	6	7	21	0	2	8
5	2	1	38	11	12	2	0	5	0
5	0	4	29	2	3	11	0	2	10
14	33	2	3	9	13	10	1	3	8
0	1	1	28	0	1	5	3	3	1
15	14	26	12	0	3	0	7	1	1
3	6	13	78	8	6	3	36	3	3
6	1	17	4	5	4	5	3	13	0
26	6	1	5	7	5	1	0	7	0
10	2	36	2	13	5	5	12	8	1
46	2	0	46	1	16	3	0	5	0
7	0	4	43	1	0	2	2	0	7
4	7	5	32	0	5	4	9	3	1
20	3	25	4	10	2	40	0	2	1
1	0	8	8	0	1	4	32	0	8
31	1	5	5	9	15	36	8	0	30
6	0	2	2	7	4	3	0	3	0
4	2	28	11	8	6	0	26	3	0
0	0	0	0	0	0	0	1	0	0
24	5	18	4	7	15	4	3	3	6
18	12	5	33	4	13	13	0	0	14
2	27	8	4	25	3	8	18	1	7
30	12	9	6	0	4	7	8	1	0
1	0	2	13	1	2	10	13	0	31
1	2	17	10	42	2	5	1	4	8
0	3	18	2	0	0	11	41	4	14
0	3	35	52	2	0	28	37	15	8
13	7	15	18	3	7	4	35	11	7
0	10	2	1	0	1	1	27	1	5
20	8	7	1	6	11	25	7	4	0
24	4	1	0	4	1	8	6	9	0
14	33	18	12	5	3	4	3	0	16
0	65	17	4	0	0	9	36	0	36
0	0	31	1	0	2	7	10	1	57
48	38	16	14	7	7	19	3	2	22
2	7	3	6	0	2	6	14	1	70
5	2	3	22	7	1	11	37	0	14
0	0	4	0	0	0	13	1	0	16
8	6	8	22	1	9	4	16	2	25
0	4	18	5	3	2	0	11	1	20
0	0	0	32	2	3	4	1	9	0
0	7	24	0	0	0	27	15	0	16
6	65	0	7	1	3	4	4	0	15
10	34	5	1	2	3	11	32	2	13
7	48	28	3	3	10	24	28	4	19
31	18	8	6	2	5	4	2	2	1
47	57	25	9	3	23	5	18	3	10
0	3	26	4	3	0	3	23	0	2
52	5	4	30	25	4	1	2	2	0
0	35	16	2	5	4	7	44	2	46
2	9	14	11	27	6	8	7	5	39
36	9	15	9	9	20	33	16	3	20
59	24	12	13	13	14	6	2	3	4
4	91	11	2	1	4	36	2	1	62
9	32	16	3	7	13	3	1	7	8
11	12	10	4	2	4	14	6	3	28
2	16	0	5	0	2	14	1	5	8
0	2	16	20	0	5	0	25	5	2
0	0	0	0	0	0	0	0	0	0
27	2	3	5	19	24	3	0	45	2
0	2	0	4	5	1	2	0	2	2
12	4	0	7	13	9	0	4	3	2
0	0	0	0	0	0	0	0	0	0
15	13	5	3	2	12	8	8	13	15
4	27	0	2	0	3	4	6	2	10
1	5	0	13	0	3	0	14	2	6
35	9	1	5	8	32	5	2	76	1
0	0	0	0	0	0	0	0	0	0
0	28	1	12	0	2	22	17	2	15
0	11	2	3	0	0	9	18	2	0
2	13	0	3	0	4	8	1	0	26
0	19	0	0	16	0	3	0	2	0
19	3	0	0	3	10	3	9	4	20
0	12	0	2	2	1	0	0	21	2
1	57	0	5	5	0	3	0	2	0
2	12	0	4	0	0	4	0	1	4
0	1	0	10	1	1	9	3	2	2
1	15	2	13	0	3	1	8	6	18
0	0	0	0	0	0	0	0	0	0
24	12	0	1	82	7	6	0	11	3
1	0	0	5	1	1	0	1	3	1
0	17	0	3	2	3	4	2	8	14
28	7	18	0	1	24	10	3	14	0
2	2	7	8	1	8	5	13	3	32
18	0	15	5	17	5	6	1	4	7
38	1	5	4	17	37	4	2	32	1
3	48	0	11	1	0	0	10	2	2
21	0	16	10	3	3	6	2	5	0
3	0	40	6	5	2	9	12	2	3
4	9	19	16	2	5	8	12	6	7
45	9	4	0	9	18	11	0	45	15
3	0	2	3	3	4	1	7	8	1
11	1	6	7	13	10	8	20	16	8
40	5	11	3	12	20	2	10	5	19
37	94	8	6	17	35	8	2	18	13
36	14	30	15	26	19	11	13	3	47
0	0	0	0	0	0	0	0	0	0
4	47	22	24	0	1	8	2	5	1
0	76	43	21	1	2	5	7	7	8
0	4	2	31	0	0	17	36	9	0
0	8	30	11	6	0	4	8	27	0
0	11	10	7	0	0	2	11	2	0
0	1	18	29	0	1	5	5	12	2
1	2	8	12	0	0	14	32	2	1
0	4	46	1	0	2	0	12	1	0
7	3	102	1	2	4	1	1	28	1
0	0	0	0	0	0	0	0	0	0
3	94	14	2	0	12	0	0	19	5
28	6	16	3	2	11	4	1	16	0
11	42	5	1	1	4	5	5	1	9
2	66	1	10	0	2	15	0	0	14
16	71	34	4	7	8	4	1	4	1
4	28	1	3	1	7	8	0	7	1
0	7	63	1	4	0	12	0	18	0
9	17	13	0	9	7	8	2	3	2
3	27	48	8	0	2	3	5	1	9
11	24	21	5	33	12	3	0	0	10
4	13	8	8	16	4	2	0	2	6
17	13	7	0	5	4	1	1	2	4
19	26	0	3	30	0	2	0	0	1
29	11	3	27	4	4	6	0	2	0
44	8	0	7	16	2	3	0	1	1
4	10	0	3	0	7	7	0	0	9
3	0	0	0	1	5	3	5	1	16
4	9	44	8	27	4	4	0	3	0
3	4	0	12	7	3	1	0	5	0
8	29	22	14	34	1	4	0	6	0
1	3	0	23	2	6	2	2	13	11
2	26	1	12	1	8	3	0	4	9
6	13	17	7	16	7	8	0	6	0
2	5	0	4	1	3	0	0	7	0
0	35	0	5	7	10	3	0	2	8
24	29	7	8	0	5	6	5	4	2
45	0	5	42	28	11	17	0	4	2
8	0	33	7	4	5	28	0	4	1
11	15	0	8	0	8	2	0	11	1
5	18	4	14	0	7	9	2	1	12
1	0	13	51	1	1	6	72	0	0
1	4	9	0	0	8	1	0	1	14
3	4	1	0	0	1	15	0	17	1
2	0	7	30	1	2	27	17	0	2
39	10	2	11	4	4	10	9	1	1
37	8	0	5	37	12	0	0	87	0
11	2	0	14	13	43	16	0	13	0
5	1	6	56	0	3	20	14	1	12
30	0	7	51	1	26	7	26	2	1
13	15	5	8	13	17	12	6	8	7
2	9	22	2	11	2	31	0	6	0
41	0	3	38	19	7	12	1	0	0
2	8	8	20	2	5	10	16	3	12
11	31	2	6	0	7	2	0	7	0
4	2	28	33	25	2	9	0	1	7
7	8	7	3	0	8	1	6	8	1
29	29	15	10	2	8	4	15	5	24
3	5	11	15	1	2	51	7	1	30
4	30	18	9	0	4	10	18	0	5
6	40	0	1	0	5	24	4	1	31
0	18	26	1	0	1	17	16	5	2
9	30	36	1	0	0	3	48	8	9
9	22	20	1	3	7	6	22	6	7
27	21	2	8	9	17	6	19	2	7
0	14	0	4	0	1	4	47	1	22
8	26	18	8	17	2	7	31	31	15
0	9	8	4	0	4	15	15	1	73
4	16	6	7	5	7	7	12	1	5
0	19	2	1	0	3	5	6	1	48
12	2	11	7	23	16	10	7	6	9
6	59	13	2	0	10	11	8	1	34
1	14	1	10	1	3	11	4	0	22
0	6	3	1	0	2	17	11	5	8
0	66	1	29	0	2	6	0	0	6
4	27	1	17	0	6	4	17	1	21
1	8	6	2	0	1	18	67	0	35
3	44	14	18	2	7	15	18	5	30
4	30	10	6	0	7	3	6	4	24
5	29	0	17	0	6	7	2	0	33
2	0	1	4	12	2	22	20	1	33
2	17	5	1	0	2	8	7	2	13
9	10	0	9	2	9	4	11	9	0
1	0	8	5	10	1	30	26	0	13
6	4	11	13	3	4	4	20	1	16
5	0	0	34	1	5	1	38	1	1
2	5	15	18	0	3	16	6	2	10
3	37	0	1	0	3	3	12	1	34
0	26	1	9	0	2	5	41	1	36
0	31	8	3	0	0	5	14	0	15
6	8	1	29	15	9	13	2	2	19
1	1	0	54	0	1	5	3	0	8
8	26	2	0	2	4	8	7	1	2
0	5	1	1	0	0	11	31	0	2
2	30	18	18	1	5	2	17	21	0
10	12	0	3	12	8	3	3	12	0
9	1	25	0	14	18	6	3	12	4
5	1	8	7	9	3	2	3	4	9
2	0	0	11	40	4	5	18	18	2
1	12	0	1	3	5	11	5	26	2
0	12	0	4	9	4	2	0	14	0
1	0	0	0	0	2	0	10	2	5
26	2	0	2	7	1	2	2	2	5
10	0	2	1	20	8	12	0	14	32
0	21	1	39	0	1	6	4	0	15
14	13	1	6	0	18	14	2	44	18
3	21	0	7	0	3	9	8	4	24
0	14	6	9	2	0	2	2	3	8
1	0	28	6	0	2	21	5	0	4
17	21	4	20	3	1	51	2	1	3
14	10	12	3	4	4	2	7	6	13
0	4	7	3	1	1	27	6	5	1
3	29	0	4	1	2	0	0	2	12
14	17	26	13	11	7	2	5	4	14
0	7	0	0	0	0	1	4	1	0
0	29	0	3	0	1	2	1	4	11
1	9	0	8	1	4	1	0	2	0
0	4	8	10	0	0	5	16	2	14
89	2	2	0	18	10	12	2	7	2
10	60	11	0	1	3	14	3	6	73
2	45	0	10	0	4	5	5	1	13
25	0	0	2	12	6	5	3	5	14
24	0	6	8	18	13	22	5	7	15
64	50	6	3	30	31	6	3	25	6
10	37	6	4	0	3	4	9	12	24
0	8	0	3	0	0	15	10	1	25
0	2	24	7	1	2	4	4	14	2
0	2	4	0	0	0	10	6	4	4
5	1	40	14	5	3	4	7	66	9
4	56	4	1	6	1	5	6	24	26
2	1	2	6	0	5	1	21	4	11
57	0	1	6	10	19	10	1	25	13
29	1	11	11	1	6	10	17	38	1
0	0	12	1	0	1	1	52	3	2
1	7	49	29	0	2	1	60	2	2
4	16	5	4	7	4	16	4	40	0
23	4	26	19	0	1	6	2	8	5
0	8	18	2	3	1	40	12	25	0
0	22	46	20	0	1	2	41	0	1
0	2	18	0	0	0	5	1	4	1
0	1	9	5	0	0	4	13	6	0
0	0	31	48	1	0	8	36	1	1
6	39	67	12	7	7	1	1	10	0
2	1	59	7	2	1	4	3	4	0
31	15	24	24	10	5	2	28	19	8
0	34	40	4	0	1	9	15	1	0
0	13	20	17	0	0	19	1	2	0
1	0	18	3	0	1	2	22	1	0
0	0	0	0	0	0	0	0	0	0
0	2	2	0	0	2	1	5	5	9
1	7	0	4	11	9	1	0	18	2
32	2	17	7	5	4	7	0	4	9
0	39	21	3	0	2	7	0	2	33
6	14	2	3	30	6	6	13	3	3
16	4	0	1	6	1	7	0	18	2
22	15	1	10	7	10	3	0	0	0
31	13	9	3	3	15	29	0	5	19
0	26	27	2	1	1	7	6	2	14
38	37	1	8	23	8	14	2	7	3
29	20	0	7	34	5	1	0	2	1
31	7	67	9	5	6	1	1	0	1
0	0	0	5	0	1	0	0	2	0
1	2	0	13	1	20	1	0	1	1
5	11	12	12	1	3	0	4	2	21
12	4	12	7	7	5	3	0	7	0
1	25	0	2	24	8	0	0	3	1
1	11	0	5	4	12	0	0	7	0
14	4	18	9	5	7	2	1	12	1
0	55	14	8	23	6	7	0	1	0
19	35	43	4	40	6	3	0	3	3
16	22	1	7	4	8	4	0	6	3
1	48	3	7	48	10	11	0	1	0
1	0	0	2	2	8	1	10	8	7
3	38	0	9	0	11	2	0	2	1
15	9	50	24	7	17	2	0	4	0
5	50	5	9	2	2	3	12	0	21
1	1	4	30	2	3	29	6	2	12
2	19	4	9	2	3	16	1	0	28
1	0	2	8	0	1	13	7	1	4
5	4	7	12	4	8	8	8	2	10
0	2	24	29	0	0	11	52	1	1
0	3	0	5	2	1	4	0	12	0
8	4	2	13	1	4	2	3	0	4
9	2	2	10	22	20	7	0	3	0
1	1	31	30	0	1	15	16	0	4
0	1	12	14	1	1	23	20	0	11
5	11	32	11	10	5	14	0	0	3
19	22	0	7	13	21	21	0	46	0
5	8	2	34	0	2	17	2	3	5
2	12	1	17	17	2	16	2	0	12
2	7	19	23	0	3	14	3	1	0
2	21	12	45	0	7	1	16	12	1
5	1	7	27	0	5	3	8	2	7
19	28	5	10	10	15	7	15	3	17
8	30	12	2	0	0	2	27	0	31
32	17	11	3	2	3	13	1	3	0
41	62	4	6	11	28	14	1	1	31
11	21	18	9	2	9	24	22	2	32
3	38	3	7	2	5	8	14	3	55
0	0	2	22	1	0	30	6	0	13
7	17	19	4	1	5	4	7	2	19
9	26	5	26	17	7	6	18	7	6
42	15	37	3	14	5	15	9	6	8
3	42	3	4	1	5	6	7	0	22
0	2	5	22	4	1	15	12	0	16
26	23	8	1	0	9	5	6	8	5
0	21	3	16	0	0	23	1	0	3
0	0	4	5	0	0	46	46	3	9
1	3	15	12	0	0	5	72	0	13
2	0	9	36	0	2	16	31	2	12
0	4	28	43	0	0	11	59	0	0
9	1	5	7	0	6	7	9	0	14
27	11	3	7	4	0	3	44	1	2
0	6	5	11	3	1	21	5	2	22
2	0	10	14	13	7	26	36	5	14
4	34	1	0	0	3	1	2	1	10
4	2	20	8	0	4	16	27	1	11
2	4	0	2	0	2	3	16	3	0
0	1	12	29	11	0	20	26	1	26
18	55	3	0	18	9	4	4	9	32
5	10	5	1	0	1	0	3	2	1
3	27	7	14	1	3	7	10	0	6
2	4	11	39	9	0	13	32	2	15
0	1	1	3	2	3	6	19	0	12
5	4	48	11	1	5	11	0	3	5
4	12	1	18	9	5	33	4	1	28
4	24	2	3	61	6	10	3	3	22
0	54	2	6	0	1	40	1	5	10
5	13	5	27	6	5	13	1	0	13
0	5	1	12	0	0	11	2	0	4
12	21	6	10	3	12	1	19	14	11
38	16	2	3	0	4	1	15	4	4
24	13	4	4	59	11	13	8	2	36
6	7	10	6	2	7	8	17	3	0
0	3	14	11	0	4	10	16	9	18
7	1	1	3	10	5	1	0	40	1
47	6	0	10	57	5	5	0	8	1
14	6	1	6	4	10	3	0	50	2
6	36	0	2	0	4	0	0	13	7
0	13	0	4	33	3	1	0	16	0
29	24	0	8	8	17	10	1	8	0
1	34	1	4	0	6	7	2	2	15
2	5	0	6	1	5	2	0	5	5
0	11	0	4	5	0	4	13	2	12
1	36	22	3	1	0	4	2	15	29
10	1	27	3	1	20	1	17	6	4
0	17	0	5	1	0	1	18	19	3
0	0	0	1	0	0	9	0	1	14
0	2	0	6	4	1	4	0	11	0
1	17	3	1	0	1	2	7	16	16
1	43	3	11	6	6	5	2	3	23
2	3	3	0	1	11	2	1	12	0
3	48	1	0	0	2	10	11	0	6
0	24	0	6	0	2	1	1	3	4
17	6	34	7	15	7	33	5	8	10
0	59	0	1	0	1	4	0	0	17
12	56	12	2	16	14	16	16	16	27
3	2	10	2	0	6	9	5	13	10
6	11	21	5	0	2	1	3	13	6
1	20	15	9	0	2	3	4	21	1
6	16	0	18	3	6	11	16	3	0
0	31	20	9	0	2	4	1	2	17
6	18	6	2	39	10	24	4	2	15
11	21	1	6	1	3	9	14	1	55
10	12	1	3	3	15	6	0	0	30
0	14	0	3	0	2	1	14	3	21
1	3	1	4	0	11	8	30	5	21
0	1	10	22	3	0	3	5	68	17
4	2	4	2	2	5	6	11	9	2
0	36	8	13	0	0	17	10	0	7
0	0	21	4	0	0	11	4	23	5
0	56	26	8	0	3	5	17	10	12
1	2	33	23	0	0	8	10	0	0
1	25	16	14	3	3	18	16	2	8
0	0	14	25	0	1	5	33	3	0
0	18	15	1	1	0	3	11	4	2
3	11	9	13	1	0	14	18	4	1
12	109	1	6	19	12	1	8	7	31
19	12	23	35	10	10	10	8	1	0
0	10	3	5	0	0	1	2	7	1
18	20	35	25	8	1	1	11	5	0
3	1	24	51	1	2	1	12	2	0
2	3	18	18	2	1	10	15	1	0
0	0	0	0	0	0	0	0	0	0
